-300.0 0.99999806093
-297.590361446 0.999997812326
-295.180722892 0.999997533022
-292.771084337 0.999997219347
-290.361445783 0.999996867198
-287.951807229 0.999996471996
-285.542168675 0.999996028624
-283.13253012 0.999995531366
-280.722891566 0.999994973839
-278.313253012 0.99999434891
-275.903614458 0.999993648609
-273.493975904 0.999992864033
-271.084337349 0.999991985228
-268.674698795 0.999991001067
-266.265060241 0.99998989911
-263.855421687 0.999988665441
-261.445783133 0.999987284489
-259.036144578 0.999985738826
-256.626506024 0.999984008937
-254.21686747 0.999982072962
-251.807228916 0.9999799064
-249.397590361 0.999977481778
-246.987951807 0.999974768272
-244.578313253 0.999971731279
-242.168674699 0.99996833193
-239.759036145 0.999964526532
-237.34939759 0.999960265941
-234.939759036 0.999955494833
-232.530120482 0.999950150885
-230.120481928 0.99994416383
-227.710843373 0.999937454375
-225.301204819 0.999929932968
-222.891566265 0.999921498369
-220.481927711 0.999912036021
-218.072289157 0.999901416165
-215.662650602 0.999889491672
-213.253012048 0.999876095544
-210.843373494 0.999861038015
-208.43373494 0.999844103207
-206.024096386 0.999825045255
-203.614457831 0.999803583799
-201.204819277 0.999779398769
-198.795180723 0.999752124295
-196.385542169 0.999721341638
-193.975903614 0.999686570935
-191.56626506 0.999647261576
-189.156626506 0.999602780962
-186.746987952 0.999552401362
-184.337349398 0.999495284548
-181.927710843 0.999430463806
-179.518072289 0.999356822884
-177.108433735 0.999273071326
-174.698795181 0.999177715601
-172.289156627 0.999069025282
-169.879518072 0.998944993462
-167.469879518 0.998803290434
-165.060240964 0.998641209535
-162.65060241 0.998455603888
-160.240963855 0.998242812597
-157.831325301 0.997998574764
-155.421686747 0.997717929482
-153.012048193 0.997395099765
-150.602409639 0.997023358143
-148.192771084 0.996594871458
-145.78313253 0.996100522213
-143.373493976 0.995529703704
-140.963855422 0.994870086126
-138.554216867 0.994107350937
-136.144578313 0.993224891056
-133.734939759 0.99220347509
-131.325301205 0.99102087481
-128.915662651 0.989651456739
-126.506024096 0.988065741248
-124.096385542 0.986229936193
-121.686746988 0.98410545744
-119.277108434 0.98164845599
-116.86746988 0.978809381575
-114.457831325 0.975532626346
-112.048192771 0.971756310365
-109.638554217 0.967412294014
-107.228915663 0.962426531747
-104.819277108 0.956719916777
-102.409638554 0.950209806382
-100.0 0.942812458887
-97.5903614458 0.934446649397
-95.1807228916 0.925038749238
-92.7710843373 0.914529534055
-90.3614457831 0.902882897788
-87.9518072289 0.890096455519
-85.5421686747 0.876213673006
-83.1325301205 0.861336627202
-80.7228915663 0.845637774537
-78.313253012 0.829368248618
-75.9036144578 0.812859416616
-73.4939759036 0.796514052017
-71.0843373494 0.780784046095
-68.6746987952 0.766133618612
-66.265060241 0.752990730453
-63.8554216867 0.741694281934
-61.4457831325 0.732448962455
-59.0361445783 0.725300683114
-56.6265060241 0.720141304691
-54.2168674699 0.716742410448
-51.8072289157 0.71480811424
-49.3975903614 0.714031450946
-46.9879518072 0.714140053868
-44.578313253 0.714922568138
-42.1686746988 0.716234087767
-39.7590361446 0.717985018062
-37.3493975904 0.720122185726
-34.9397590361 0.722611485586
-32.5301204819 0.725427014489
-30.1204819277 0.728546223084
-27.7108433735 0.731948296166
-25.3012048193 0.735613661337
-22.8915662651 0.739523792512
-20.4819277108 0.743661106749
-18.0722891566 0.748008916587
-15.6626506024 0.752551424494
-13.2530120482 0.757273747728
-10.843373494 0.762161960695
-8.43373493976 0.767203140708
-6.02409638554 0.772385404543
-3.61445783133 0.777697930175
-1.20481927711 0.783130969877
1.20481927711 0.788675868738
3.61445783133 0.794325094061
6.02409638554 0.800072258388
8.43373493976 0.805912110823
10.843373494 0.81184049855
13.2530120482 0.817854320032
15.6626506024 0.82395144666
18.0722891566 0.830130572301
20.4819277108 0.836391138913
22.8915662651 0.842733682774
25.3012048193 0.849160575352
27.7108433735 0.85567645263
30.1204819277 0.862287947748
32.5301204819 0.86900320884
34.9397590361 0.875831004631
37.3493975904 0.882779246585
39.7590361446 0.889855397668
42.1686746988 0.897068706528
44.578313253 0.904430090006
46.9879518072 0.911954294401
49.3975903614 0.919676717013
51.8072289157 0.927717265064
54.2168674699 0.936304933623
56.6265060241 0.945468416756
59.0361445783 0.954764394729
61.4457831325 0.963524431892
63.8554216867 0.971230310969
66.265060241 0.977654445354
68.6746987952 0.982808325854
71.0843373494 0.986837548086
73.4939759036 0.989936409089
75.9036144578 0.992297423904
78.313253012 0.994088314066
80.7228915663 0.995445431011
83.1325301205 0.996475261984
85.5421686747 0.997259033754
87.9518072289 0.997857883165
90.3614457831 0.998317514207
92.7710843373 0.998672007447
95.1807228916 0.99894678283
97.5903614458 0.999160840188
100.0 0.999328427241
102.409638554 0.999460271259
104.819277108 0.999564485299
107.228915663 0.999647234608
109.638554217 0.999713227305
112.048192771 0.999766076603
114.457831325 0.99980856912
116.86746988 0.999842864419
119.277108434 0.999870644056
121.686746988 0.999893223415
124.096385542 0.999911636042
126.506024096 0.999926697526
128.915662651 0.99993905413
131.325301205 0.999949219991
133.734939759 0.9999576057
136.144578313 0.999964540364
138.554216867 0.999970288708
140.963855422 0.999975064397
143.373493976 0.999979040443
145.78313253 0.999982357381
148.192771084 0.999985129705
150.602409639 0.999987450964
153.012048193 0.999989397802
155.421686747 0.999991033181
157.831325301 0.999992408954
160.240963855 0.999993567926
162.65060241 0.999994545519
165.060240964 0.999995371107
167.469879518 0.999996069102
169.879518072 0.99999665983
172.289156627 0.999997160254
174.698795181 0.99999758455
177.108433735 0.999997944587
179.518072289 0.999998250322
181.927710843 0.999998510118
184.337349398 0.99999873101
186.746987952 0.999998918925
189.156626506 0.999999078862
191.56626506 0.999999215045
193.975903614 0.999999331043
196.385542169 0.99999942988
198.795180723 0.999999514116
201.204819277 0.999999585923
203.614457831 0.999999647146
206.024096386 0.99999969935
208.43373494 0.999999743868
210.843373494 0.999999781832
213.253012048 0.999999814208
215.662650602 0.999999841817
218.072289157 0.999999865358
220.481927711 0.999999885429
222.891566265 0.999999902539
225.301204819 0.999999917122
227.710843373 0.999999929548
230.120481928 0.999999940134
232.530120482 0.999999949151
234.939759036 0.999999956827
237.34939759 0.999999963362
239.759036145 0.999999968921
242.168674699 0.99999997365
244.578313253 0.999999977671
246.987951807 0.999999981088
249.397590361 0.99999998399
251.807228916 0.999999986455
254.21686747 0.999999988546
256.626506024 0.999999990321
259.036144578 0.999999991825
261.445783133 0.9999999931
263.855421687 0.999999994179
266.265060241 0.999999995093
268.674698795 0.999999995866
271.084337349 0.99999999652
273.493975904 0.999999997072
275.903614458 0.999999997538
278.313253012 0.999999997931
280.722891566 0.999999998263
283.13253012 0.999999998543
285.542168675 0.999999998778
287.951807229 0.999999998976
290.361445783 0.999999999143
292.771084337 0.999999999283
295.180722892 0.999999999401
297.590361446 0.999999999499
300.0 0.999999999582
